   0.00000000000000e+00
   9.03101637914257e-03
   1.79622324586847e-02
   2.67946402811086e-02
   3.55292220277211e-02
   4.41669501166760e-02
   5.27087873000225e-02
   6.11556867597896e-02
   6.95085922031136e-02
   7.77684379564223e-02
   8.59361490586810e-02
   9.40126413537130e-02
   1.01998821581601e-01
   1.09895587469183e-01
   1.17703827819642e-01
   1.25424422601216e-01
   1.33058243035013e-01
   1.40606151681964e-01
   1.48069002528908e-01
   1.55447641073818e-01
   1.62742904410185e-01
   1.69955621310559e-01
   1.77086612309263e-01
   1.84136689784284e-01
   1.91106658038345e-01
   1.97997313379181e-01
   2.04809444199007e-01
   2.11543831053204e-01
   2.18201246738214e-01
   2.24782456368673e-01
   2.31288217453765e-01
   2.37719279972823e-01
   2.44076386450181e-01
   2.50360272029275e-01
   2.56571664546013e-01
   2.62711284601414e-01
   2.68779845633522e-01
   2.74778053988614e-01
   2.80706608991687e-01
   2.86566203016256e-01
   2.92357521553454e-01
   2.98081243280440e-01
   3.03738040128137e-01
   3.09328577348291e-01
   3.14853513579858e-01
   3.20313500914746e-01
   3.25709184962886e-01
   3.31041204916670e-01
   3.36310193614742e-01
   3.41516777605155e-01
   3.46661577207900e-01
   3.51745206576819e-01
   3.56768273760895e-01
   3.61731380764934e-01
   3.66635123609652e-01
   3.71480092391151e-01
   3.76266871339820e-01
   3.80996038878631e-01
   3.85668167680878e-01
   3.90283824727320e-01
   3.94843571362774e-01
   3.99347963352134e-01
   4.03797550935836e-01
   4.08192878884778e-01
   4.12534486554682e-01
   4.16822907939926e-01
   4.21058671726839e-01
   4.25242301346460e-01
   4.29374315026779e-01
   4.33455225844458e-01
   4.37485541776035e-01
   4.41465765748622e-01
   4.45396395690097e-01
   4.49277924578795e-01
   4.53110840492715e-01
   4.56895626658222e-01
   4.60632761498280e-01
   4.64322718680197e-01
   4.67965967162895e-01
   4.71562971243719e-01
   4.75114190604767e-01
   4.78620080358772e-01
   4.82081091094521e-01
   4.85497668921822e-01
   4.88870255516033e-01
   4.92199288162133e-01
   4.95485199798369e-01
   4.98728419059464e-01
   5.01929370319393e-01
   5.05088473733735e-01
   5.08206145281609e-01
   5.11282796807186e-01
   5.14318836060792e-01
   5.17314666739604e-01
   5.20270688527936e-01
   5.23187297137130e-01
   5.26064884345049e-01
   5.28903838035175e-01
   5.31704542235324e-01
   5.34467377155966e-01
   5.37192719228176e-01
   5.39880941141201e-01
   5.42532411879653e-01
   5.45147496760335e-01
   5.47726557468702e-01
   5.50269952094954e-01
   5.52778035169777e-01
   5.55251157699723e-01
   5.57689667202245e-01
   5.60093907740373e-01
   5.62464219957058e-01
   5.64800941109165e-01
   5.67104405101134e-01
   5.69374942518302e-01
   5.71612880659897e-01
   5.73818543571702e-01
   5.75992252078397e-01
   5.78134323815574e-01
   5.80245073261442e-01
   5.82324811768207e-01
   5.84373847593152e-01
   5.86392485929396e-01
   5.88381028936352e-01
   5.90339775769888e-01
   5.92269022612181e-01
   5.94169062701272e-01
   5.96040186360337e-01
   5.97882681026662e-01
   5.99696831280322e-01
   6.01482918872592e-01
   6.03241222754060e-01
   6.04972019102467e-01
   6.06675581350275e-01
   6.08352180211947e-01
   6.10002083710974e-01
   6.11625557206617e-01
   6.13222863420394e-01
   6.14794262462297e-01
   6.16340011856755e-01
   6.17860366568334e-01
   6.19355579027178e-01
   6.20825899154210e-01
   6.22271574386067e-01
   6.23692849699800e-01
   6.25089967637319e-01
   6.26463168329602e-01
   6.27812689520658e-01
   6.29138766591254e-01
   6.30441632582409e-01
   6.31721518218651e-01
   6.32978651931038e-01
   6.34213259879966e-01
   6.35425565977731e-01
   6.36615791910879e-01
   6.37784157162333e-01
   6.38930879033292e-01
   6.40056172664924e-01
   6.41160251059833e-01
   6.42243325103319e-01
   6.43305603584424e-01
   6.44347293216769e-01
   6.45368598659185e-01
   6.46369722536137e-01
   6.47350865457948e-01
   6.48312226040818e-01
   6.49254000926650e-01
   6.50176384802668e-01
   6.51079570420855e-01
   6.51963748617185e-01
   6.52829108330668e-01
   6.53675836622211e-01
   6.54504118693283e-01
   6.55314137904398e-01
   6.56106075793417e-01
   6.56880112093666e-01
   6.57636424751871e-01
   6.58375189945917e-01
   6.59096582102435e-01
   6.59800773914206e-01
   6.60487936357396e-01
   6.61158238708622e-01
   6.61811848561845e-01
   6.62448931845096e-01
   6.63069652837035e-01
   6.63674174183347e-01
   6.64262656912973e-01
   6.64835260454184e-01
   6.65392142650489e-01
   6.65933459776389e-01
   6.66459366552973e-01
   6.66970016163361e-01
   6.67465560267989e-01
   6.67946149019747e-01
   6.68411931078965e-01
   6.68863053628247e-01
   6.69299662387163e-01
   6.69721901626787e-01
   6.70129914184102e-01
   6.70523841476252e-01
   6.70903823514652e-01
   6.71269998918970e-01
   6.71622504930953e-01
   6.71961477428127e-01
   6.72287050937360e-01
   6.72599358648285e-01
   6.72898532426593e-01
   6.73184702827193e-01
   6.73457999107244e-01
   6.73718549239052e-01
   6.73966479922843e-01
   6.74201916599408e-01
   6.74424983462623e-01
   6.74635803471841e-01
   6.74834498364166e-01
   6.75021188666601e-01
   6.75195993708079e-01
   6.75359031631370e-01
   6.75510419404869e-01
   6.75650272834278e-01
   6.75778706574156e-01
   6.75895834139362e-01
   6.76001767916391e-01
   6.76096619174580e-01
   6.76180498077222e-01
   6.76253513692555e-01
   6.76315774004648e-01
   6.76367385924179e-01
   6.76408455299106e-01
   6.76439086925227e-01
   6.76459384556642e-01
   6.76469450916106e-01
   6.76469387705282e-01
   6.76459295614890e-01
   6.76439274334758e-01
   6.76409422563767e-01
   6.76369838019706e-01
   6.76320617449021e-01
   6.76261856636474e-01
   6.76193650414697e-01
   6.76116092673661e-01
   6.76029276370045e-01
   6.75933293536512e-01
   6.75828235290895e-01
   6.75714191845294e-01
   6.75591252515070e-01
   6.75459505727770e-01
   6.75319039031943e-01
   6.75169939105884e-01
   6.75012291766281e-01
   6.74846181976779e-01
   6.74671693856463e-01
   6.74488910688250e-01
   6.74297914927202e-01
   6.74098788208756e-01
   6.73891611356868e-01
   6.73676464392085e-01
   6.73453426539523e-01
   6.73222576236784e-01
   6.72983991141774e-01
   6.72737748140460e-01
   6.72483923354542e-01
   6.72222592149047e-01
   6.71953829139856e-01
   6.71677708201145e-01
   6.71394302472762e-01
   6.71103684367523e-01
   6.70805925578441e-01
   6.70501097085884e-01
   6.70189269164650e-01
   6.69870511390990e-01
   6.69544892649548e-01
   6.69212481140234e-01
   6.68873344385032e-01
   6.68527549234740e-01
   6.68175161875640e-01
   6.67816247836105e-01
   6.67450871993137e-01
   6.67079098578842e-01
   6.66700991186843e-01
   6.66316612778625e-01
   6.65926025689815e-01
   6.65529291636412e-01
   6.65126471720935e-01
   6.64717626438533e-01
   6.64302815683012e-01
   6.63882098752820e-01
   6.63455534356960e-01
   6.63023180620853e-01
   6.62585095092136e-01
   6.62141334746408e-01
   6.61691955992913e-01
   6.61237014680173e-01
   6.60776566101560e-01
   6.60310665000814e-01
   6.59839365577509e-01
   6.59362721492457e-01
   6.58880785873071e-01
   6.58393611318659e-01
   6.57901249905680e-01
   6.57403753192936e-01
   6.56901172226724e-01
   6.56393557545924e-01
   6.55880959187045e-01
   6.55363426689222e-01
   6.54841009099155e-01
   6.54313754976008e-01
   6.53781712396252e-01
   6.53244928958466e-01
   6.52703451788085e-01
   6.52157327542105e-01
   6.51606602413737e-01
   6.51051322137022e-01
   6.50491531991388e-01
   6.49927276806175e-01
   6.49358600965109e-01
   6.48785548410725e-01
   6.48208162648761e-01
   6.47626486752494e-01
   6.47040563367042e-01
   6.46450434713617e-01
   6.45856142593743e-01
   6.45257728393422e-01
   6.44655233087271e-01
   6.44048697242607e-01
   6.43438161023495e-01
   6.42823664194761e-01
   6.42205246125955e-01
   6.41582945795285e-01
   6.40956801793503e-01
   6.40326852327759e-01
   6.39693135225414e-01
   6.39055687937815e-01
   6.38414547544030e-01
   6.37769750754553e-01
   6.37121333914964e-01
   6.36469333009560e-01
   6.35813783664943e-01
   6.35154721153575e-01
   6.34492180397304e-01
   6.33826195970841e-01
   6.33156802105218e-01
   6.32484032691199e-01
   6.31807921282665e-01
   6.31128501099964e-01
   6.30445805033223e-01
   6.29759865645631e-01
   6.29070715176691e-01
   6.28378385545438e-01
   6.27682908353621e-01
   6.26984314888858e-01
   6.26282636127763e-01
   6.25577902739031e-01
   6.24870145086502e-01
   6.24159393232192e-01
   6.23445676939292e-01
   6.22729025675138e-01
   6.22009468614155e-01
   6.21287034640761e-01
   6.20561752352262e-01
   6.19833650061692e-01
   6.19102755800651e-01
   6.18369097322093e-01
   6.17632702103104e-01
   6.16893597347636e-01
   6.16151809989230e-01
   6.15407366693697e-01
   6.14660293861786e-01
   6.13910617631811e-01
   6.13158363882268e-01
   6.12403558234412e-01
   6.11646226054814e-01
   6.10886392457896e-01
   6.10124082308437e-01
   6.09359320224051e-01
   6.08592130577646e-01
   6.07822537499859e-01
   6.07050564881459e-01
   6.06276236375736e-01
   6.05499575400860e-01
   6.04720605142216e-01
   6.03939348554722e-01
   6.03155828365116e-01
   6.02370067074227e-01
   6.01582086959220e-01
   6.00791910075818e-01
   5.99999558260504e-01
   5.99205053132701e-01
   5.98408416096928e-01
   5.97609668344939e-01
   5.96808830857833e-01
   5.96005924408154e-01
   5.95200969561960e-01
   5.94393986680878e-01
   5.93584995924132e-01
   5.92774017250560e-01
   5.91961070420604e-01
   5.91146174998280e-01
   5.90329350353133e-01
   5.89510615662170e-01
   5.88689989911772e-01
   5.87867491899592e-01
   5.87043140236428e-01
   5.86216953348082e-01
   5.85388949477196e-01
   5.84559146685080e-01
   5.83727562853505e-01
   5.82894215686494e-01
   5.82059122712088e-01
   5.81222301284094e-01
   5.80383768583815e-01
   5.79543541621771e-01
   5.78701637239391e-01
   5.77858072110694e-01
   5.77012862743957e-01
   5.76166025483360e-01
   5.75317576510615e-01
   5.74467531846585e-01
   5.73615907352883e-01
   5.72762718733450e-01
   5.71907981536127e-01
   5.71051711154204e-01
   5.70193922827960e-01
   5.69334631646180e-01
   5.68473852547661e-01
   5.67611600322706e-01
   5.66747889614597e-01
   5.65882734921060e-01
   5.65016150595707e-01
   5.64148150849473e-01
   5.63278749752031e-01
   5.62407961233198e-01
   5.61535799084326e-01
   5.60662276959675e-01
   5.59787408377780e-01
   5.58911206722796e-01
   5.58033685245839e-01
   5.57154857066300e-01
   5.56274735173166e-01
   5.55393332426304e-01
   5.54510661557755e-01
   5.53626735172997e-01
   5.52741565752207e-01
   5.51855165651507e-01
   5.50967547104193e-01
   5.50078722221961e-01
   5.49188702996112e-01
   5.48297501298751e-01
   5.47405128883971e-01
   5.46511597389026e-01
   5.45616918335491e-01
   5.44721103130416e-01
   5.43824163067459e-01
   5.42926109328019e-01
   5.42026952982346e-01
   5.41126704990650e-01
   5.40225376204193e-01
   5.39322977366374e-01
   5.38419519113798e-01
   5.37515011977339e-01
   5.36609466383192e-01
   5.35702892653913e-01
   5.34795301009448e-01
   5.33886701568156e-01
   5.32977104347813e-01
   5.32066519266619e-01
   5.31154956144184e-01
   5.30242424702505e-01
   5.29328934566945e-01
   5.28414495267183e-01
   5.27499116238174e-01
   5.26582806821085e-01
   5.25665576264231e-01
   5.24747433723994e-01
   5.23828388265741e-01
   5.22908448864726e-01
   5.21987624406985e-01
   5.21065923690227e-01
   5.20143355424709e-01
   5.19219928234102e-01
   5.18295650656361e-01
   5.17370531144567e-01
   5.16444578067776e-01
   5.15517799711855e-01
   5.14590204280305e-01
   5.13661799895084e-01
   5.12732594597414e-01
   5.11802596348585e-01
   5.10871813030751e-01
   5.09940252447713e-01
   5.09007922325702e-01
   5.08074830314148e-01
   5.07140983986442e-01
   5.06206390840696e-01
   5.05271058300485e-01
   5.04334993715595e-01
   5.03398204362752e-01
   5.02460697446349e-01
   5.01522480099166e-01
   5.00583559383079e-01
   4.99643942289771e-01
   4.98703635741422e-01
   4.97762646591405e-01
   4.96820981624970e-01
   4.95878647559918e-01
   4.94935651047273e-01
   4.93991998671947e-01
   4.93047696953395e-01
   4.92102752346270e-01
   4.91157171241059e-01
   4.90210959964729e-01
   4.89264124781356e-01
   4.88316671892746e-01
   4.87368607439061e-01
   4.86419937499425e-01
   4.85470668092536e-01
   4.84520805177264e-01
   4.83570354653245e-01
   4.82619322361472e-01
   4.81667714084877e-01
   4.80715535548909e-01
   4.79762792422101e-01
   4.78809490316644e-01
   4.77855634788938e-01
   4.76901231340154e-01
   4.75946285416777e-01
   4.74990802411155e-01
   4.74034787662034e-01
   4.73078246455090e-01
   4.72121184023459e-01
   4.71163605548258e-01
   4.70205516159103e-01
   4.69246920934619e-01
   4.68287824902948e-01
   4.67328233042252e-01
   4.66368150281208e-01
   4.65407581499502e-01
   4.64446531528312e-01
   4.63485005150794e-01
   4.62523007102558e-01
   4.61560542072142e-01
   4.60597614701478e-01
   4.59634229586353e-01
   4.58670391276875e-01
   4.57706104277921e-01
   4.56741373049587e-01
   4.55776202007636e-01
   4.54810595523936e-01
   4.53844557926899e-01
   4.52878093501910e-01
   4.51911206491756e-01
   4.50943901097050e-01
   4.49976181476650e-01
   4.49008051748074e-01
   4.48039515987910e-01
   4.47070578232224e-01
   4.46101242476961e-01
   4.45131512678348e-01
   4.44161392753284e-01
   4.43190886579734e-01
   4.42219997997113e-01
   4.41248730806674e-01
   4.40277088771882e-01
   4.39305075618794e-01
   4.38332695036428e-01
   4.37359950677132e-01
   4.36386846156949e-01
   4.35413385055977e-01
   4.34439570918728e-01
   4.33465407254480e-01
   4.32490897537627e-01
   4.31516045208028e-01
   4.30540853671348e-01
   4.29565326299398e-01
   4.28589466430474e-01
   4.27613277369687e-01
   4.26636762389295e-01
   4.25659924729030e-01
   4.24682767596417e-01
   4.23705294167100e-01
   4.22727507585155e-01
   4.21749410963406e-01
   4.20771007383734e-01
   4.19792299897385e-01
   4.18813291525276e-01
   4.17833985258293e-01
   4.16854384057594e-01
   4.15874490854901e-01
   4.14894308552795e-01
   4.13913840025003e-01
   4.12933088116688e-01
   4.11952055644730e-01
   4.10970745398009e-01
   4.09989160137682e-01
   4.09007302597462e-01
   4.08025175483884e-01
   4.07042781476582e-01
   4.06060123228554e-01
   4.05077203366426e-01
   4.04094024490713e-01
   4.03110589176081e-01
   4.02126899971605e-01
   4.01142959401020e-01
   4.00158769962973e-01
   3.99174334131276e-01
   3.98189654355150e-01
   3.97204733059470e-01
   3.96219572645006e-01
   3.95234175488665e-01
   3.94248543943727e-01
   3.93262680340079e-01
   3.92276586984448e-01
   3.91290266160633e-01
   3.90303720129730e-01
   3.89316951130359e-01
   3.88329961378888e-01
   3.87342753069655e-01
   3.86355328375183e-01
   3.85367689446402e-01
   3.84379838412859e-01
   3.83391777382935e-01
   3.82403508444051e-01
   3.81415033662880e-01
   3.80426355085550e-01
   3.79437474737852e-01
   3.78448394625438e-01
   3.77459116734025e-01
   3.76469643029592e-01
   3.75479975458572e-01
   3.74490115948054e-01
   3.73500066405969e-01
   3.72509828721283e-01
   3.71519404764185e-01
   3.70528796386275e-01
   3.69538005420746e-01
   3.68547033682570e-01
   3.67555882968676e-01
   3.66564555058132e-01
   3.65573051712322e-01
   3.64581374675121e-01
   3.63589525673070e-01
   3.62597506415545e-01
   3.61605318594934e-01
   3.60612963886800e-01
   3.59620443950050e-01
   3.58627760427104e-01
   3.57634914944052e-01
   3.56641909110824e-01
   3.55648744521343e-01
   3.54655422753691e-01
   3.53661945370262e-01
   3.52668313917920e-01
   3.51674529928152e-01
   3.50680594917222e-01
   3.49686510386323e-01
   3.48692277821723e-01
   3.47697898694920e-01
   3.46703374462780e-01
   3.45708706567693e-01
   3.44713896437706e-01
   3.43718945486674e-01
   3.42723855114396e-01
   3.41728626706760e-01
   3.40733261635873e-01
   3.39737761260206e-01
   3.38742126924727e-01
   3.37746359961032e-01
   3.36750461687483e-01
   3.35754433409336e-01
   3.34758276418872e-01
   3.33761991995527e-01
   3.32765581406019e-01
   3.31769045904475e-01
   3.30772386732554e-01
   3.29775605119575e-01
   3.28778702282634e-01
   3.27781679426733e-01
   3.26784537744892e-01
   3.25787278418273e-01
   3.24789902616299e-01
   3.23792411496767e-01
   3.22794806205964e-01
   3.21797087878785e-01
   3.20799257638843e-01
   3.19801316598580e-01
   3.18803265859384e-01
   3.17805106511691e-01
   3.16806839635100e-01
   3.15808466298478e-01
   3.14809987560066e-01
   3.13811404467588e-01
   3.12812718058352e-01
   3.11813929359355e-01
   3.10815039387385e-01
   3.09816049149124e-01
   3.08816959641246e-01
   3.07817771850518e-01
   3.06818486753900e-01
   3.05819105318638e-01
   3.04819628502365e-01
   3.03820057253194e-01
   3.02820392509815e-01
   3.01820635201587e-01
   3.00820786248628e-01
   2.99820846561913e-01
   2.98820817043360e-01
   2.97820698585923e-01
   2.96820492073679e-01
   2.95820198381916e-01
   2.94819818377224e-01
   2.93819352917576e-01
   2.92818802852418e-01
   2.91818169022753e-01
   2.90817452261223e-01
   2.89816653392192e-01
   2.88815773231833e-01
   2.87814812588204e-01
   2.86813772261330e-01
   2.85812653043285e-01
   2.84811455718268e-01
   2.83810181062686e-01
   2.82808829845225e-01
   2.81807402826930e-01
   2.80805900761284e-01
   2.79804324394277e-01
   2.78802674464486e-01
   2.77800951703145e-01
   2.76799156834219e-01
   2.75797290574479e-01
   2.74795353633567e-01
   2.73793346714075e-01
   2.72791270511609e-01
   2.71789125714861e-01
   2.70786913005677e-01
   2.69784633059125e-01
   2.68782286543563e-01
   2.67779874120705e-01
   2.66777396445689e-01
   2.65774854167138e-01
   2.64772247927230e-01
   2.63769578361758e-01
   2.62766846100195e-01
   2.61764051765758e-01
   2.60761195975469e-01
   2.59758279340216e-01
   2.58755302464813e-01
   2.57752265948066e-01
   2.56749170382825e-01
   2.55746016356049e-01
   2.54742804448861e-01
   2.53739535236609e-01
   2.52736209288921e-01
   2.51732827169763e-01
   2.50729389437494e-01
   2.49725896644924e-01
   2.48722349339368e-01
   2.47718748062700e-01
   2.46715093351408e-01
   2.45711385736646e-01
   2.44707625744290e-01
   2.43703813894987e-01
   2.42699950704210e-01
   2.41696036682307e-01
   2.40692072334554e-01
   2.39688058161203e-01
   2.38683994657534e-01
   2.37679882313905e-01
   2.36675721615798e-01
   2.35671513043869e-01
   2.34667257073999e-01
   2.33662954177335e-01
   2.32658604820343e-01
   2.31654209464851e-01
   2.30649768568097e-01
   2.29645282582774e-01
   2.28640751957074e-01
   2.27636177134736e-01
   2.26631558555085e-01
   2.25626896653082e-01
   2.24622191859363e-01
   2.23617444600283e-01
   2.22612655297960e-01
   2.21607824370315e-01
   2.20602952231115e-01
   2.19598039290015e-01
   2.18593085952596e-01
   2.17588092620409e-01
   2.16583059691014e-01
   2.15577987558016e-01
   2.14572876611112e-01
   2.13567727236122e-01
   2.12562539815031e-01
   2.11557314726028e-01
   2.10552052343543e-01
   2.09546753038284e-01
   2.08541417177272e-01
   2.07536045123883e-01
   2.06530637237877e-01
   2.05525193875442e-01
   2.04519715389223e-01
   2.03514202128360e-01
   2.02508654438522e-01
   2.01503072661943e-01
   2.00497457137455e-01
   1.99491808200521e-01
   1.98486126183270e-01
   1.97480411414529e-01
   1.96474664219858e-01
   1.95468884921579e-01
   1.94463073838810e-01
   1.93457231287499e-01
   1.92451357580451e-01
   1.91445453027363e-01
   1.90439517934853e-01
   1.89433552606491e-01
   1.88427557342830e-01
   1.87421532441436e-01
   1.86415478196914e-01
   1.85409394900945e-01
   1.84403282842308e-01
   1.83397142306911e-01
   1.82390973577821e-01
   1.81384776935291e-01
   1.80378552656789e-01
   1.79372301017024e-01
   1.78366022287974e-01
   1.77359716738914e-01
   1.76353384636442e-01
   1.75347026244508e-01
   1.74340641824434e-01
   1.73334231634949e-01
   1.72327795932207e-01
   1.71321334969817e-01
   1.70314848998867e-01
   1.69308338267948e-01
   1.68301803023182e-01
   1.67295243508244e-01
   1.66288659964384e-01
   1.65282052630459e-01
   1.64275421742946e-01
   1.63268767535976e-01
   1.62262090241350e-01
   1.61255390088566e-01
   1.60248667304840e-01
   1.59241922115130e-01
   1.58235154742158e-01
   1.57228365406432e-01
   1.56221554326267e-01
   1.55214721717808e-01
   1.54207867795054e-01
   1.53200992769875e-01
   1.52194096852033e-01
   1.51187180249208e-01
   1.50180243167014e-01
   1.49173285809023e-01
   1.48166308376780e-01
   1.47159311069830e-01
   1.46152294085732e-01
   1.45145257620084e-01
   1.44138201866536e-01
   1.43131127016816e-01
   1.42124033260745e-01
   1.41116920786257e-01
   1.40109789779419e-01
   1.39102640424448e-01
   1.38095472903728e-01
   1.37088287397833e-01
   1.36081084085539e-01
   1.35073863143848e-01
   1.34066624748001e-01
   1.33059369071496e-01
   1.32052096286109e-01
   1.31044806561905e-01
   1.30037500067262e-01
   1.29030176968883e-01
   1.28022837431813e-01
   1.27015481619457e-01
   1.26008109693596e-01
   1.25000721814404e-01
   1.23993318140459e-01
   1.22985898828767e-01
   1.21978464034771e-01
   1.20971013912369e-01
   1.19963548613930e-01
   1.18956068290309e-01
   1.17948573090858e-01
   1.16941063163449e-01
   1.15933538654481e-01
   1.14925999708899e-01
   1.13918446470207e-01
   1.12910879080482e-01
   1.11903297680390e-01
   1.10895702409197e-01
   1.09888093404786e-01
   1.08880470803669e-01
   1.07872834741001e-01
   1.06865185350593e-01
   1.05857522764927e-01
   1.04849847115168e-01
   1.03842158531175e-01
   1.02834457141520e-01
   1.01826743073493e-01
   1.00819016453122e-01
   9.98112774051789e-02
   9.88035260531987e-02
   9.77957625194866e-02
   9.67879869251321e-02
   9.57801993900216e-02
   9.47724000328493e-02
   9.37645889711299e-02
   9.27567663212097e-02
   9.17489321982787e-02
   9.07410867163818e-02
   8.97332299884301e-02
   8.87253621262127e-02
   8.77174832404071e-02
   8.67095934405908e-02
   8.57016928352523e-02
   8.46937815318012e-02
   8.36858596365797e-02
   8.26779272548731e-02
   8.16699844909199e-02
   8.06620314479224e-02
   7.96540682280572e-02
   7.86460949324852e-02
   7.76381116613616e-02
   7.66301185138462e-02
   7.56221155881131e-02
   7.46141029813604e-02
   7.36060807898201e-02
   7.25980491087676e-02
   7.15900080325314e-02
   7.05819576545022e-02
   6.95738980671422e-02
   6.85658293619949e-02
   6.75577516296935e-02
   6.65496649599705e-02
   6.55415694416662e-02
   6.45334651627380e-02
   6.35253522102689e-02
   6.25172306704764e-02
   6.15091006287207e-02
   6.05009621695137e-02
   5.94928153765272e-02
   5.84846603326014e-02
   5.74764971197526e-02
   5.64683258191825e-02
   5.54601465112850e-02
   5.44519592756552e-02
   5.34437641910971e-02
   5.24355613356311e-02
   5.14273507865021e-02
   5.04191326201874e-02
   4.94109069124037e-02
   4.84026737381155e-02
   4.73944331715418e-02
   4.63861852861639e-02
   4.53779301547329e-02
   4.43696678492764e-02
   4.33613984411063e-02
   4.23531220008255e-02
   4.13448385983351e-02
   4.03365483028414e-02
   3.93282511828627e-02
   3.83199473062364e-02
   3.73116367401252e-02
   3.63033195510247e-02
   3.52949958047691e-02
   3.42866655665383e-02
   3.32783289008643e-02
   3.22699858716378e-02
   3.12616365421141e-02
   3.02532809749200e-02
   2.92449192320597e-02
   2.82365513749209e-02
   2.72281774642813e-02
   2.62197975603143e-02
   2.52114117225953e-02
   2.42030200101074e-02
   2.31946224812474e-02
   2.21862191938317e-02
   2.11778102051018e-02
   2.01693955717305e-02
   1.91609753498270e-02
   1.81525495949428e-02
   1.71441183620774e-02
   1.61356817056833e-02
   1.51272396796720e-02
   1.41187923374188e-02
   1.31103397317688e-02
   1.21018819150415e-02
   1.10934189390365e-02
   1.00849508550384e-02
   9.07647771382206e-03
   8.06799956565764e-03
   7.05951646031559e-03
   6.05102844707161e-03
   5.04253557471160e-03
   4.03403789153652e-03
   3.02553544536719e-03
   2.01702828354908e-03
   1.00851645295705e-03
   0.00000000000000e+00
