   0.00000000000000e+00
   9.30702143663072e-02
   1.76337468238545e-01
   2.50725850036297e-01
   3.17072337820216e-01
   3.76135010859742e-01
   4.28600487127043e-01
   4.75090659686221e-01
   5.16168798068303e-01
   5.52345074492432e-01
   5.84081569150860e-01
   6.11796803664443e-01
   6.35869847186242e-01
   6.56644035438099e-01
   6.74430339167542e-01
   6.89510415072860e-01
   7.02139369128880e-01
   7.12548259424358e-01
   7.20946363066256e-01
   7.27523229391425e-01
   7.32450539629705e-01
   7.35883791263543e-01
   7.37963823609324e-01
   7.38818199587863e-01
   7.38562457240554e-01
   7.37301243269780e-01
   7.35129339724699e-01
   7.32132593905214e-01
   7.28388760607360e-01
   7.23968264973377e-01
   7.18934893430760e-01
   7.13346419499064e-01
   7.07255170604249e-01
   7.00708541461549e-01
   6.93749459063666e-01
   6.86416803836259e-01
   6.78745791092685e-01
   6.70768316530430e-01
   6.62513269158875e-01
   6.54006814728542e-01
   6.45272652442521e-01
   6.36332247468666e-01
   6.27205041533747e-01
   6.17908643665668e-01
   6.08459002955136e-01
   5.98870565031733e-01
   5.89156413789570e-01
   5.79328399752998e-01
   5.69397256341764e-01
   5.59372705176280e-01
   5.49263551456165e-01
   5.39077770347802e-01
   5.28822585228473e-01
   5.18504538554696e-01
   5.08129556050088e-01
   4.97703004842463e-01
   4.87229746120572e-01
   4.76714182827082e-01
   4.66160302855726e-01
   4.55571718176410e-01
   4.44951700272147e-01
   4.34303212235482e-01
   4.23628937839309e-01
   4.12931307867289e-01
   4.02212523962202e-01
   3.91474580226194e-01
   3.80719282784863e-01
   3.69948267507100e-01
   3.59163016054558e-01
   3.48364870418183e-01
   3.37555046084459e-01
   3.26734643960501e-01
   3.15904661175031e-01
   3.05066000861176e-01
   2.94219481017078e-01
   2.83365842531258e-01
   2.72505756451443e-01
   2.61639830568205e-01
   2.50768615377968e-01
   2.39892609483921e-01
   2.29012264487792e-01
   2.18127989420505e-01
   2.07240154755169e-01
   1.96349096041777e-01
   1.85455117199281e-01
   1.74558493497329e-01
   1.63659474256929e-01
   1.52758285296532e-01
   1.41855131147525e-01
   1.30950197060888e-01
   1.20043650824685e-01
   1.09135644410225e-01
   9.82263154630503e-02
   8.73157886533737e-02
   7.64041768992128e-02
   6.54915824742259e-02
   5.45780980111165e-02
   4.36638074104493e-02
   3.27487866637967e-02
   2.18331045992897e-02
   1.09168235568889e-02
   0.00000000000000e+00
