   0.0089412456
    0.017783683
    0.026528294
    0.035176052
    0.043727918
    0.052184847
    0.060547782
    0.068817658
    0.076995398
    0.085081920
    0.093078130
     0.10098493
     0.10880320
     0.11653382
     0.12417767
     0.13173561
     0.13920849
     0.14659716
     0.15390245
     0.16112520
     0.16826622
     0.17532632
     0.18230632
     0.18920701
     0.19602917
     0.20277358
     0.20944103
     0.21603227
     0.22254806
     0.22898915
     0.23535628
     0.24165020
     0.24787162
     0.25402127
     0.26009986
     0.26610810
     0.27204668
     0.27791631
     0.28371766
     0.28945141
     0.29511823
     0.30071880
     0.30625377
     0.31172378
     0.31712950
     0.32247155
     0.32775056
     0.33296718
     0.33812201
     0.34321567
     0.34824876
     0.35322190
     0.35813567
     0.36299067
     0.36778748
     0.37252667
     0.37720883
     0.38183452
     0.38640430
     0.39091872
     0.39537833
     0.39978369
     0.40413533
     0.40843378
     0.41267957
     0.41687323
     0.42101528
     0.42510622
     0.42914656
     0.43313681
     0.43707747
     0.44096903
     0.44481198
     0.44860679
     0.45235396
     0.45605394
     0.45970722
     0.46331426
     0.46687551
     0.47039142
     0.47386246
     0.47728907
     0.48067169
     0.48401075
     0.48730669
     0.49055994
     0.49377092
     0.49694005
     0.50006776
     0.50315444
     0.50620050
     0.50920637
     0.51217242
     0.51509905
     0.51798667
     0.52083565
     0.52364639
     0.52641925
     0.52915462
     0.53185288
     0.53451438
     0.53713949
     0.53972858
     0.54228200
     0.54480012
     0.54728327
     0.54973181
     0.55214608
     0.55452642
     0.55687317
     0.55918666
     0.56146723
     0.56371520
     0.56593089
     0.56811463
     0.57026673
     0.57238751
     0.57447728
     0.57653634
     0.57856501
     0.58056358
     0.58253236
     0.58447164
     0.58638171
     0.58826286
     0.59011538
     0.59193956
     0.59373568
     0.59550401
     0.59724484
     0.59895843
     0.60064506
     0.60230499
     0.60393849
     0.60554583
     0.60712726
     0.60868304
     0.61021342
     0.61171866
     0.61319901
     0.61465472
     0.61608602
     0.61749317
     0.61887640
     0.62023595
     0.62157206
     0.62288495
     0.62417487
     0.62544203
     0.62668667
     0.62790901
     0.62910926
     0.63028766
     0.63144441
     0.63257973
     0.63369384
     0.63478694
     0.63585925
     0.63691097
     0.63794230
     0.63895346
     0.63994463
     0.64091602
     0.64186782
     0.64280024
     0.64371345
     0.64460766
     0.64548305
     0.64633981
     0.64717812
     0.64799817
     0.64880013
     0.64958420
     0.65035054
     0.65109934
     0.65183076
     0.65254498
     0.65324217
     0.65392250
     0.65458614
     0.65523326
     0.65586401
     0.65647856
     0.65707707
     0.65765970
     0.65822661
     0.65877796
     0.65931390
     0.65983458
     0.66034015
     0.66083077
     0.66130658
     0.66176773
     0.66221437
     0.66264664
     0.66306468
     0.66346864
     0.66385865
     0.66423485
     0.66459739
     0.66494639
     0.66528200
     0.66560433
     0.66591354
     0.66620974
     0.66649306
     0.66676364
     0.66702160
     0.66726707
     0.66750016
     0.66772101
     0.66792974
     0.66812646
     0.66831129
     0.66848436
     0.66864578
     0.66879566
     0.66893412
     0.66906128
     0.66917724
     0.66928212
     0.66937603
     0.66945908
     0.66953137
     0.66959301
     0.66964411
     0.66968477
     0.66971510
     0.66973519
     0.66974516
     0.66974510
     0.66973510
     0.66971528
     0.66968573
     0.66964654
     0.66959780
     0.66953963
     0.66947210
     0.66939531
     0.66930936
     0.66921433
     0.66911032
     0.66899741
     0.66887569
     0.66874525
     0.66860618
     0.66845856
     0.66830248
     0.66813802
     0.66796527
     0.66778431
     0.66759521
     0.66739806
     0.66719294
     0.66697993
     0.66675911
     0.66653056
     0.66629434
     0.66605055
     0.66579925
     0.66554051
     0.66527442
     0.66500105
     0.66472046
     0.66443273
     0.66413793
     0.66383613
     0.66352740
     0.66321181
     0.66288943
     0.66256032
     0.66222456
     0.66188220
     0.66153332
     0.66117797
     0.66081623
     0.66044815
     0.66007380
     0.65969324
     0.65930654
     0.65891375
     0.65851493
     0.65811015
     0.65769946
     0.65728293
     0.65686060
     0.65643255
     0.65599882
     0.65555947
     0.65511456
     0.65466414
     0.65420826
     0.65374700
     0.65328038
     0.65280847
     0.65233133
     0.65184900
     0.65136153
     0.65086898
     0.65037139
     0.64986882
     0.64936132
     0.64884893
     0.64833171
     0.64780970
     0.64728294
     0.64675149
     0.64621540
     0.64567470
     0.64512945
     0.64457969
     0.64402547
     0.64346682
     0.64290380
     0.64233644
     0.64176479
     0.64118890
     0.64060880
     0.64002454
     0.63943615
     0.63884369
     0.63824718
     0.63764668
     0.63704221
     0.63643382
     0.63582155
     0.63520543
     0.63458551
     0.63396183
     0.63333441
     0.63270330
     0.63206853
     0.63143014
     0.63078817
     0.63014265
     0.62949362
     0.62884111
     0.62818515
     0.62752579
     0.62686305
     0.62619697
     0.62552758
     0.62485491
     0.62417900
     0.62349988
     0.62281758
     0.62213213
     0.62144357
     0.62075192
     0.62005721
     0.61935949
     0.61865876
     0.61795508
     0.61724846
     0.61653893
     0.61582652
     0.61511127
     0.61439320
     0.61367233
     0.61294870
     0.61222234
     0.61149326
     0.61076150
     0.61002709
     0.60929005
     0.60855040
     0.60780818
     0.60706340
     0.60631610
     0.60556629
     0.60481401
     0.60405928
     0.60330212
     0.60254256
     0.60178061
     0.60101631
     0.60024968
     0.59948074
     0.59870952
     0.59793602
     0.59716029
     0.59638234
     0.59560220
     0.59481987
     0.59403540
     0.59324879
     0.59246007
     0.59166926
     0.59087639
     0.59008146
     0.58928451
     0.58848555
     0.58768460
     0.58688168
     0.58607681
     0.58527002
     0.58446131
     0.58365072
     0.58283825
     0.58202393
     0.58120777
     0.58038980
     0.57957002
     0.57874847
     0.57792515
     0.57710009
     0.57627329
     0.57544479
     0.57461459
     0.57378272
     0.57294918
     0.57211400
     0.57127720
     0.57043878
     0.56959876
     0.56875717
     0.56791401
     0.56706930
     0.56622306
     0.56537530
     0.56452604
     0.56367529
     0.56282307
     0.56196938
     0.56111426
     0.56025770
     0.55939973
     0.55854036
     0.55767960
     0.55681747
     0.55595398
     0.55508914
     0.55422297
     0.55335548
     0.55248668
     0.55161658
     0.55074521
     0.54987257
     0.54899867
     0.54812353
     0.54724716
     0.54636957
     0.54549078
     0.54461079
     0.54372962
     0.54284727
     0.54196377
     0.54107912
     0.54019334
     0.53930643
     0.53841840
     0.53752927
     0.53663906
     0.53574776
     0.53485539
     0.53396196
     0.53306748
     0.53217196
     0.53127542
     0.53037786
     0.52947929
     0.52857972
     0.52767917
     0.52677763
     0.52587513
     0.52497167
     0.52406726
     0.52316191
     0.52225563
     0.52134843
     0.52044032
     0.51953130
     0.51862139
     0.51771059
     0.51679892
     0.51588638
     0.51497299
     0.51405874
     0.51314365
     0.51222773
     0.51131098
     0.51039341
     0.50947504
     0.50855586
     0.50763589
     0.50671514
     0.50579361
     0.50487131
     0.50394824
     0.50302443
     0.50209986
     0.50117456
     0.50024852
     0.49932176
     0.49839429
     0.49746610
     0.49653721
     0.49560762
     0.49467734
     0.49374638
     0.49281475
     0.49188244
     0.49094948
     0.49001585
     0.48908158
     0.48814667
     0.48721112
     0.48627493
     0.48533813
     0.48440070
     0.48346267
     0.48252403
     0.48158479
     0.48064496
     0.47970453
     0.47876353
     0.47782195
     0.47687980
     0.47593709
     0.47499382
     0.47404999
     0.47310562
     0.47216070
     0.47121525
     0.47026926
     0.46932275
     0.46837572
     0.46742817
     0.46648011
     0.46553154
     0.46458248
     0.46363291
     0.46268286
     0.46173232
     0.46078130
     0.45982981
     0.45887784
     0.45792540
     0.45697250
     0.45601915
     0.45506534
     0.45411108
     0.45315638
     0.45220124
     0.45124566
     0.45028965
     0.44933322
     0.44837636
     0.44741908
     0.44646139
     0.44550329
     0.44454479
     0.44358588
     0.44262657
     0.44166687
     0.44070678
     0.43974631
     0.43878545
     0.43782421
     0.43686260
     0.43590061
     0.43493826
     0.43397555
     0.43301247
     0.43204904
     0.43108526
     0.43012112
     0.42915664
     0.42819182
     0.42722666
     0.42626116
     0.42529533
     0.42432917
     0.42336268
     0.42239588
     0.42142875
     0.42046130
     0.41949355
     0.41852548
     0.41755711
     0.41658843
     0.41561945
     0.41465017
     0.41368060
     0.41271074
     0.41174058
     0.41077014
     0.40979942
     0.40882842
     0.40785714
     0.40688558
     0.40591375
     0.40494166
     0.40396929
     0.40299666
     0.40202377
     0.40105062
     0.40007722
     0.39910356
     0.39812965
     0.39715549
     0.39618108
     0.39520643
     0.39423154
     0.39325641
     0.39228104
     0.39130544
     0.39032960
     0.38935354
     0.38837725
     0.38740073
     0.38642399
     0.38544703
     0.38446985
     0.38349246
     0.38251485
     0.38153703
     0.38055900
     0.37958076
     0.37860231
     0.37762366
     0.37664481
     0.37566576
     0.37468651
     0.37370707
     0.37272743
     0.37174760
     0.37076758
     0.36978737
     0.36880698
     0.36782640
     0.36684564
     0.36586470
     0.36488357
     0.36390228
     0.36292080
     0.36193915
     0.36095734
     0.35997535
     0.35899319
     0.35801086
     0.35702837
     0.35604572
     0.35506290
     0.35407993
     0.35309679
     0.35211350
     0.35113005
     0.35014645
     0.34916269
     0.34817879
     0.34719473
     0.34621053
     0.34522618
     0.34424169
     0.34325705
     0.34227227
     0.34128735
     0.34030228
     0.33931709
     0.33833175
     0.33734628
     0.33636067
     0.33537494
     0.33438907
     0.33340307
     0.33241694
     0.33143069
     0.33044431
     0.32945780
     0.32847117
     0.32748442
     0.32649754
     0.32551055
     0.32452344
     0.32353621
     0.32254886
     0.32156140
     0.32057383
     0.31958614
     0.31859834
     0.31761042
     0.31662240
     0.31563427
     0.31464604
     0.31365769
     0.31266924
     0.31168069
     0.31069203
     0.30970327
     0.30871441
     0.30772545
     0.30673639
     0.30574723
     0.30475798
     0.30376863
     0.30277918
     0.30178964
     0.30080000
     0.29981027
     0.29882045
     0.29783054
     0.29684054
     0.29585046
     0.29486028
     0.29387001
     0.29287966
     0.29188923
     0.29089871
     0.28990810
     0.28891742
     0.28792665
     0.28693580
     0.28594486
     0.28495385
     0.28396276
     0.28297160
     0.28198035
     0.28098903
     0.27999763
     0.27900616
     0.27801461
     0.27702299
     0.27603130
     0.27503953
     0.27404770
     0.27305579
     0.27206381
     0.27107177
     0.27007965
     0.26908747
     0.26809522
     0.26710290
     0.26611052
     0.26511807
     0.26412556
     0.26313298
     0.26214034
     0.26114764
     0.26015487
     0.25916204
     0.25816916
     0.25717621
     0.25618320
     0.25519014
     0.25419701
     0.25320383
     0.25221059
     0.25121729
     0.25022394
     0.24923053
     0.24823707
     0.24724355
     0.24624998
     0.24525636
     0.24426268
     0.24326895
     0.24227516
     0.24128133
     0.24028745
     0.23929351
     0.23829953
     0.23730549
     0.23631141
     0.23531728
     0.23432310
     0.23332887
     0.23233460
     0.23134028
     0.23034591
     0.22935150
     0.22835705
     0.22736255
     0.22636800
     0.22537341
     0.22437878
     0.22338410
     0.22238939
     0.22139463
     0.22039982
     0.21940498
     0.21841010
     0.21741517
     0.21642021
     0.21542521
     0.21443016
     0.21343508
     0.21243996
     0.21144481
     0.21044961
     0.20945438
     0.20845911
     0.20746380
     0.20646846
     0.20547308
     0.20447767
     0.20348222
     0.20248673
     0.20149121
     0.20049566
     0.19950008
     0.19850446
     0.19750880
     0.19651312
     0.19551740
     0.19452165
     0.19352587
     0.19253006
     0.19153421
     0.19053834
     0.18954243
     0.18854650
     0.18755053
     0.18655454
     0.18555851
     0.18456246
     0.18356637
     0.18257026
     0.18157412
     0.18057796
     0.17958176
     0.17858554
     0.17758929
     0.17659301
     0.17559671
     0.17460038
     0.17360403
     0.17260765
     0.17161124
     0.17061481
     0.16961835
     0.16862187
     0.16762537
     0.16662884
     0.16563228
     0.16463570
     0.16363910
     0.16264248
     0.16164583
     0.16064916
     0.15965247
     0.15865575
     0.15765901
     0.15666225
     0.15566547
     0.15466867
     0.15367184
     0.15267500
     0.15167813
     0.15068125
     0.14968434
     0.14868741
     0.14769046
     0.14669349
     0.14569651
     0.14469950
     0.14370247
     0.14270543
     0.14170836
     0.14071128
     0.13971418
     0.13871706
     0.13771992
     0.13672277
     0.13572559
     0.13472840
     0.13373119
     0.13273397
     0.13173672
     0.13073946
     0.12974219
     0.12874489
     0.12774758
     0.12675026
     0.12575291
     0.12475555
     0.12375818
     0.12276079
     0.12176339
     0.12076596
     0.11976853
     0.11877108
     0.11777361
     0.11677613
     0.11577864
     0.11478113
     0.11378360
     0.11278607
     0.11178851
     0.11079095
     0.10979337
     0.10879578
     0.10779817
     0.10680055
     0.10580292
     0.10480527
     0.10380761
     0.10280994
     0.10181225
     0.10081456
    0.099816848
    0.098819126
    0.097821392
    0.096823646
    0.095825888
    0.094828118
    0.093830336
    0.092832543
    0.091834739
    0.090836923
    0.089839095
    0.088841257
    0.087843408
    0.086845547
    0.085847676
    0.084849794
    0.083851902
    0.082853999
    0.081856086
    0.080858162
    0.079860229
    0.078862285
    0.077864331
    0.076866367
    0.075868394
    0.074870411
    0.073872418
    0.072874416
    0.071876404
    0.070878384
    0.069880354
    0.068882314
    0.067884266
    0.066886209
    0.065888143
    0.064890068
    0.063891985
    0.062893893
    0.061895792
    0.060897683
    0.059899566
    0.058901440
    0.057903307
    0.056905165
    0.055907015
    0.054908857
    0.053910692
    0.052912518
    0.051914337
    0.050916149
    0.049917953
    0.048919749
    0.047921538
    0.046923319
    0.045925094
    0.044926861
    0.043928621
    0.042930374
    0.041932120
    0.040933860
    0.039935592
    0.038937318
    0.037939036
    0.036940749
    0.035942455
    0.034944154
    0.033945847
    0.032947533
    0.031949213
    0.030950887
    0.029952555
    0.028954217
    0.027955872
    0.026957522
    0.025959166
    0.024960803
    0.023962435
    0.022964062
    0.021965682
    0.020967297
    0.019968906
    0.018970510
    0.017972108
    0.016973701
    0.015975289
    0.014976871
    0.013978448
    0.012980019
    0.011981586
    0.010983147
   0.0099847037
   0.0089862550
   0.0079878014
   0.0069893429
   0.0059908796
   0.0049924114
   0.0039939384
   0.0029954608
   0.0019969785
