         0.010000000           1.0000000         0.062831853         -0.39478418           6.2583803        0.0020360062       -0.0046664343       -0.0026304281           6.2584294
         0.010000000          0.99605216          0.12541566         -0.78569266           6.2091599        0.0017418271       -0.0046573942       -0.0029155671           12.443862
         0.010000000          0.98819523          0.18750726          -1.1712680           6.1359981        0.0014596283       -0.0046485474       -0.0031889191           18.511402
         0.010000000          0.97648255          0.24886724          -1.5501063           6.0394470        0.0011934827       -0.0046399233       -0.0034464406           24.421420
         0.010000000          0.96098149          0.30926171          -1.9208595           5.9201317       0.00094713727       -0.0046315495       -0.0036844123           30.141488
         0.010000000          0.94177289          0.36846302          -2.2822383           5.7787444       0.00072396834       -0.0046234520       -0.0038994836           35.648337
         0.010000000          0.91895051          0.42625047          -2.6330134           5.6160392       0.00052694467       -0.0046156545       -0.0040887098           40.929825
         0.010000000          0.89262038          0.48241086          -2.9720170           5.4328270       0.00035859743       -0.0046081793       -0.0042495819           45.986778
         0.010000000          0.86290021          0.53673913          -3.2981436           5.2299705       0.00022099753       -0.0046010468       -0.0043800493           50.834500
         0.010000000          0.82991877          0.58903883          -3.6103509           5.0083798       0.00011573995       -0.0045942757       -0.0044785357           55.503491
         0.010000000          0.79381526          0.63912263          -3.9076600           4.7690081       4.3934774E-05       -0.0045878827       -0.0045439479           60.038796
         0.010000000          0.75473866          0.68681271          -4.1891552           4.5128472       6.2046162E-06       -0.0045818831       -0.0045756785           64.497389
         0.010000000          0.71284711          0.73194119          -4.4539845           4.2409243       2.6881617E-06       -0.0045762905       -0.0045736024           68.943429
         0.010000000          0.66830727          0.77435043          -4.7013587           3.9542981       3.3049328E-05       -0.0045711169       -0.0045380676           73.441987
         0.010000000          0.62129368          0.81389341          -4.9305518           3.6540557       9.6491702E-05       -0.0045663727       -0.0044698810           78.052596
         0.010000000          0.57198816          0.85043397          -5.1408999           3.3413094       0.00019177783       -0.0045620668       -0.0043702889           82.824073
         0.010000000          0.52057916          0.88384706          -5.3318014           3.0171940       0.00031725293       -0.0045582065       -0.0042409536           87.791436
         0.010000000          0.46726115          0.91401900          -5.5027160           2.6828645       0.00047087266       -0.0045547979       -0.0040839252           92.974895
         0.010000000          0.41223399          0.94084765          -5.6531648           2.3394930       0.00065023443       -0.0045518454       -0.0039016110           98.380391
         0.010000000          0.35570234          0.96424258          -5.7827295           1.9882673       0.00085261205       -0.0045493524       -0.0036967403           104.00102
         0.010000000          0.29787504          0.98412525          -5.8910524           1.6303879        0.0010749931       -0.0045473205       -0.0034723274           109.81886
         0.010000000          0.23896452           1.0004291          -5.9778360           1.2670668        0.0013141189       -0.0045457505       -0.0032316316           115.80692
         0.010000000          0.17918616           1.0130998          -6.0428428          0.89952518        0.0015665263       -0.0045446415       -0.0029781152           121.93104
         0.010000000          0.11875773           1.0220950          -6.0858953          0.52899147        0.0018285918       -0.0045439916       -0.0027153998           128.15172
         0.010000000         0.057898779           1.0273850          -6.1068760          0.15669980        0.0020965762       -0.0045437975       -0.0024472213           134.42584
         0.010000000       -0.0031699814           1.0289520          -6.1057275         -0.21611192        0.0023666711       -0.0045440549       -0.0021773838           140.70834
         0.010000000        -0.064227256           1.0267908          -6.0824526         -0.58820384        0.0026350456       -0.0045447581       -0.0019097125           146.95386
         0.010000000         -0.12505178           1.0209088          -6.0371148         -0.95833600        0.0028978934       -0.0045459003       -0.0016480069           153.11837
         0.010000000         -0.18542293           1.0113254          -5.9698388          -1.3252702        0.0031514801       -0.0045474737       -0.0013959937           159.16082
         0.010000000         -0.24512132          0.99807274          -5.8808102          -1.6877722        0.0033921893       -0.0045494692       -0.0011572799           165.04486
         0.010000000         -0.30392942          0.98119502          -5.7702771          -2.0446134        0.0036165693       -0.0045518765      -0.00093530717           170.74063
         0.010000000         -0.36163219          0.96074888          -5.6385497          -2.3945738        0.0038213770       -0.0045546843      -0.00073330733           176.22663
         0.010000000         -0.41801769          0.93680315          -5.4860015          -2.7364436        0.0040036210       -0.0045578803      -0.00055425923           181.49170
         0.010000000         -0.47287770          0.90943871          -5.3130696          -3.0690263        0.0041606027       -0.0045614508      -0.00040084807           186.53685
         0.010000000         -0.52600840          0.87874845          -5.1202553          -3.3911415        0.0042899543       -0.0045653814      -0.00027542708           191.37695
         0.010000000         -0.57721095          0.84483703          -4.9081247          -3.7016272        0.0043896741       -0.0045696564      -0.00017998233           196.04162
         0.010000000         -0.62629220          0.80782076          -4.6773091          -3.9993439        0.0044581580       -0.0045742591      -0.00011610106           200.57487
         0.010000000         -0.67306529          0.76782732          -4.4285053          -4.2831772        0.0044942278       -0.0045791717      -8.4943979E-05           205.03279
         0.010000000         -0.71735034          0.72499555          -4.1624759          -4.5520419        0.0044971535       -0.0045843757      -8.7222163E-05           209.47912
         0.010000000         -0.75897510          0.67947513          -3.8800492          -4.8048853        0.0044666724       -0.0045898513      -0.00012317890           213.97909
         0.010000000         -0.79777559          0.63142628          -3.5821193          -5.0406920        0.0044030007       -0.0045955778      -0.00019257707           218.59288
         0.010000000         -0.83359679          0.58101936          -3.2696452          -5.2584873        0.0043068414       -0.0046015338      -0.00029469241           223.37030
         0.010000000         -0.86629324          0.52843448          -2.9436507          -5.4573423        0.0041793837       -0.0046076969      -0.00042831317           228.34728
         0.010000000         -0.89572975          0.47386106          -2.6052227          -5.6363783        0.0040222973       -0.0046140438      -0.00059174644           233.54470
         0.010000000         -0.92178197          0.41749728          -2.2555104          -5.7947714        0.0038377190       -0.0046205505      -0.00078283154           238.96858
         0.010000000         -0.94433708          0.35954956          -1.8957232          -5.9317578        0.0036282319       -0.0046271924      -0.00099896050           244.61148
         0.010000000         -0.96329431          0.30023199          -1.5271284          -6.0466386        0.0033968383       -0.0046339442       -0.0012371060           250.45419
         0.010000000         -0.97856559          0.23976560          -1.1510487          -6.1387846        0.0031469235       -0.0046407800       -0.0014938565           256.46773
         0.010000000         -0.99007608          0.17837775         -0.76885888          -6.2076421        0.0028822146       -0.0046476735       -0.0017654589           262.61530
         0.010000000         -0.99776467          0.11630133         -0.38198224          -6.2527372        0.0026067304       -0.0046545978       -0.0020478674           268.85422
         0.010000000          -1.0015845         0.053773960        0.0081138705          -6.2736810        0.0023247260       -0.0046615260       -0.0023368000           275.13784
         0.010000000          -1.0015034       -0.0089628497          0.39992277          -6.2701746        0.0020406309       -0.0046684308       -0.0026277999           281.41744
         0.010000000         -0.99750413        -0.071664595          0.79190379          -6.2420131        0.0017589821       -0.0046752850       -0.0029163029           287.64413
         0.010000000         -0.98958509         -0.13408473           1.1824883          -6.1890905        0.0014843529       -0.0046820614       -0.0031977084           293.77082
         0.010000000         -0.97776021         -0.19597563           1.5700860          -6.1114031        0.0012212783       -0.0046887328       -0.0034674545           299.75422
         0.010000000         -0.96205935         -0.25708966           1.9530922          -6.0090529       0.00097417832       -0.0046952725       -0.0037210942           305.55705
         0.010000000         -0.94252842         -0.31718019           2.3298953          -5.8822509       0.00074728087       -0.0047016542       -0.0039543733           311.15027
         0.010000000         -0.91922947         -0.37600270           2.6988844          -5.7313192       0.00054454520       -0.0047078521       -0.0041633069           316.51551
         0.010000000         -0.89224063         -0.43331589           3.0584582          -5.5566925       0.00036958755       -0.0047138413       -0.0043442538           321.64749
         0.010000000         -0.86165605         -0.48888282           3.4070333          -5.3589194       0.00022561083       -0.0047195976       -0.0044939867           326.55627
         0.010000000         -0.82758571         -0.54247201           3.7430535          -5.1386624       0.00011533960       -0.0047250977       -0.0046097581           331.26883
         0.010000000         -0.79015518         -0.59385863           4.0649990          -4.8966971       4.0962121E-05       -0.0047303197       -0.0046893576           335.82930
         0.010000000         -0.74950519         -0.64282561           4.3713954          -4.6339111       4.0809533E-06       -0.0047352428       -0.0047311619           340.29686
         0.010000000         -0.70579123         -0.68916472           4.6608234          -4.3513012       5.6732846E-06       -0.0047398477       -0.0047341744           344.74086
         0.010000000         -0.65918300         -0.73267773           4.9319279          -4.0499703       4.6062384E-05       -0.0047441165       -0.0046980541           349.23359
         0.010000000         -0.60986372         -0.77317743           5.1834270          -3.7311230       0.00012490104       -0.0047480329       -0.0046231319           353.84222
         0.010000000         -0.55802945         -0.81048866           5.4141207          -3.3960606       0.00024116773       -0.0047515826       -0.0045104149           358.62205
         0.010000000         -0.50388824         -0.84444927           5.6228996          -3.0461751       0.00039317599       -0.0047547529       -0.0043615770           363.61223
         0.010000000         -0.44765925         -0.87491102           5.8087524          -2.6829421       0.00057859707       -0.0047575331       -0.0041789360           368.83436
         0.010000000         -0.38957172         -0.90174044           5.9707731          -2.3079133       0.00079449573       -0.0047599143       -0.0039654186           374.29300
         0.010000000         -0.32986399         -0.92481957           6.1081677          -1.9227083        0.0010373786       -0.0047618899       -0.0037245113           379.97745
         0.010000000         -0.26878232         -0.94404666           6.2202602          -1.5290050        0.0013032541       -0.0047634551       -0.0034602010           385.86403
         0.010000000         -0.20657971         -0.95933671           6.3064967          -1.1285305        0.0015877036       -0.0047646073       -0.0031769037           391.91857
         0.010000000         -0.14351475         -0.97062201           6.3664503         -0.72305090        0.0018859604       -0.0047653460       -0.0028793855           398.09886
         0.010000000        -0.079850243         -0.97785252           6.3998235         -0.31436070        0.0021929979       -0.0047656726       -0.0025726747           404.35699
         0.010000000        -0.015852008         -0.98099613           6.4064501         0.095727668        0.0025036215       -0.0047655907       -0.0022619692           410.64170
         0.010000000         0.048212493         -0.98003885           6.3862968          0.50539475        0.0028125656       -0.0047651059       -0.0019525403           416.90056
         0.010000000          0.11207546         -0.97498490           6.3394623          0.91282485        0.0031145907       -0.0047642255       -0.0016496348           423.08229
         0.010000000          0.17547008         -0.96585665           6.2661769           1.3162167        0.0034045808       -0.0047629588       -0.0013583780           429.13892
         0.010000000          0.23813185         -0.95269449           6.1668000           1.7137941        0.0036776374       -0.0047613169       -0.0010836794           435.02816
         0.010000000          0.29979985         -0.93555655           6.0418172           2.1038159        0.0039291687       -0.0047593125      -0.00083014374           440.71570
         0.010000000          0.36021802         -0.91451839           5.8918364           2.4845858        0.0041549721       -0.0047569598      -0.00060198770           446.17772
         0.010000000          0.41913639         -0.88967253           5.7175829           2.8544618        0.0043513083       -0.0047542746      -0.00040296628           451.40330
         0.010000000          0.47631222         -0.86112791           5.5198941           3.2118647        0.0045149657       -0.0047512738      -0.00023630810           456.39676
         0.010000000          0.53151116         -0.82900926           5.2997130           3.5552859        0.0046433136       -0.0047479757      -0.00010466208           461.17941
         0.010000000          0.58450829         -0.79345641           5.0580814           3.8832952        0.0047343435       -0.0047443995      -1.0055926E-05           465.79018
         0.010000000          0.63508910         -0.75462345           4.7961329           4.1945468        0.0047866982       -0.0047405652       4.6132956E-05           470.28413
         0.010000000          0.68305043         -0.71267799           4.5150848           4.4877854        0.0047996876       -0.0047364939       6.3193753E-05           474.72832
         0.010000000          0.72820128         -0.66780013           4.2162302           4.7618513        0.0047732929       -0.0047322070       4.1085860E-05           479.19506
         0.010000000          0.77036358         -0.62018162           3.9009298           5.0156841        0.0047081568       -0.0047277267      -1.9569941E-05           483.75386
         0.010000000          0.80937288         -0.57002478           3.5706034           5.2483262        0.0046055632       -0.0047230754      -0.00011751215           488.46415
         0.010000000          0.84507891         -0.51754152           3.2267214           5.4589257        0.0044674053       -0.0047182756      -0.00025087028           493.37033
         0.010000000          0.87734613         -0.46295226           2.8707964           5.6467379        0.0042961435       -0.0047133502      -0.00041720674           498.49965
         0.010000000          0.90605409         -0.40648488           2.5043750           5.8111263        0.0040947545       -0.0047083221      -0.00061356757           503.86235
         0.010000000          0.93109784         -0.34837362           2.1290294           5.9515632        0.0038666727       -0.0047032137      -0.00083654094           509.45325
         0.010000000          0.95238814         -0.28885798           1.7463495           6.0676295        0.0036157257       -0.0046980476       -0.0010823219           515.25397
         0.010000000          0.96985163         -0.22818169           1.3579353           6.1590135        0.0033460636       -0.0046928459       -0.0013467824           521.23533
         0.010000000          0.98343098         -0.16659155          0.96538952           6.2255101        0.0030620865       -0.0046876304       -0.0016255439           527.35980
         0.010000000          0.99308488         -0.10433645          0.57031047           6.2670183        0.0027683687       -0.0046824222       -0.0019140535           533.58376
